{
  "num_locations": 10,
  "seed": 42,
  "bounds": {
    "lat_min": 54.0,
    "lat_max": 55.3,
    "lng_min": -8.2,
    "lng_max": -5.4
  },
  "coordinates": [
    {
      "id": 0,
      "lat": 54.831255,
      "lng": -8.12997
    },
    {
      "id": 1,
      "lat": 54.357538,
      "lng": -7.57501
    },
    {
      "id": 2,
      "lat": 54.957413,
      "lng": -6.305241
    },
    {
      "id": 3,
      "lat": 55.159833,
      "lng": -7.956571
    },
    {
      "id": 4,
      "lat": 54.548498,
      "lng": -8.116568
    },
    {
      "id": 5,
      "lat": 54.284229,
      "lng": -6.785005
    },
    {
      "id": 6,
      "lat": 54.034497,
      "lng": -7.643255
    },
    {
      "id": 7,
      "lat": 54.84485,
      "lng": -6.674164
    },
    {
      "id": 8,
      "lat": 54.286573,
      "lng": -6.550056
    },
    {
      "id": 9,
      "lat": 55.05226,
      "lng": -8.181803
    }
  ],
  "distance_matrix": [
    [
      0.0,
      63.6614,
      117.5221,
      38.1736,
      31.4529,
      105.9253,
      94.0212,
      93.2346,
      118.5104,
      24.7966
    ],
    [
      63.6614,
      0.0,
      105.4485,
      92.509,
      40.9452,
      51.879,
      36.1938,
      79.3905,
      66.9365,
      86.5284
    ],
    [
      117.5221,
      105.4485,
      0.0,
      107.5448,
      124.8069,
      80.9763,
      134.15,
      26.7025,
      76.2407,
      120.1306
    ],
    [
      38.1736,
      92.509,
      107.5448,
      0.0,
      68.7445,
      123.042,
      126.7486,
      88.9679,
      132.6115,
      18.6639
    ],
    [
      31.4529,
      40.9452,
      124.8069,
      68.7445,
      0.0,
      91.0282,
      64.8858,
      98.3703,
      105.4545,
      56.1716
    ],
    [
      105.9253,
      51.879,
      80.9763,
      123.042,
      91.0282,
      0.0,
      62.3981,
      62.7464,
      15.2527,
      123.9359
    ],
    [
      94.0212,
      36.1938,
      134.15,
      126.7486,
      64.8858,
      62.3981,
      0.0,
      109.7544,
      76.4937,
      118.3806
    ],
    [
      93.2346,
      79.3905,
      26.7025,
      88.9679,
      98.3703,
      62.7464,
      109.7544,
      0.0,
      62.591,
      99.0002
    ],
    [
      118.5104,
      66.9365,
      76.2407,
      132.6115,
      105.4545,
      15.2527,
      76.4937,
      62.591,
      0.0,
      135.118
    ],
    [
      24.7966,
      86.5284,
      120.1306,
      18.6639,
      56.1716,
      123.9359,
      118.3806,
      99.0002,
      135.118,
      0.0
    ]
  ],
  "generated_at": "2026-05-02T23:13:15.684366Z"
}